$ -------------------------------------
$ TB_ALU.TB: TEST BENCH FILE FOR ALU
$
$ FILE FORMAT (NAME(WIDTH)):
$
$ A(8) B(8) SEL(4) C_IN(1) SUM(8) C_FLAG(1) Z_FLAG(1)
$
$ -------------------------------------


$ ADD
10101010 10101010 0000 0 01010100 1 0
00001010 10100000 0000 1 10101010 0 0
11111111 00000001 0000 0 00000000 1 1
$ ADDC
11001000 00110110 0001 1 11111111 0 0
11001000 00110111 0001 1 00000000 1 1
$ SUB
11001000 01100100 0010 0 01100100 0 0
11001000 01100100 0010 1 01100100 0 0
01100100 11001000 0010 0 01100011 1 0
$ SUBC
11001000 01100100 0011 0 01100100 0 0
11001000 01100100 0011 1 01100011 0 0
01100100 11001000 0011 0 01100011 1 0
01100100 11001000 0011 1 01100100 0 0
$ CMP
10101010 11111111 0100 0 10101010 1 0
11111111 10101010 0100 0 11111111 0 0
10101010 10101010 0100 0 10101010 0 1
$ AND
10101010 10101010 0101 0 10101010 0 0
00000011 10101010 0101 0 00000010 0 0
$ OR
10101010 10101010 0110 0 10101010 0 0
00000011 10101010 0110 0 10101011 0 0
$ EXOR
10101010 10101010 0111 0 00000000 0 0
00000011 10101010 0111 0 10101001 0 0
$ TEST
10101010 10101010 1000 0 10101010 0 0
01010101 10101010 1000 0 00000000 0 1
$ LSL
00000001 00010010 1001 0 00000010 0 0
$ LSR
10000000 00110011 1010 0 01000000 0 0
10000000 01000011 1010 1 11000000 0 0
$ ROL
00000001 10101011 1011 1 00000010 0 0
10101010 11110010 1011 0 01010101 1 0
$ ROR
10000000 00111100 1100 0 01000000 0 0
10000000 10011000 1100 1 01000000 0 0
$ ASR
10000000 10000001 1101 0 01000000 0 0
01000000 10110010 1101 0 00100000 0 0
$ MOV
01010000 00110000 1110 0 00110000 0 0
01000011 00100010 1110 1 00100010 0 0
